{
    "r1c1": 0.8703565062,
    "r1c2": 0.0,
    "r1c3": 0.0,
    "r2c1": 0.08146167558,
    "r2c2": 0.8849294791,
    "r2c3": 0.0,
    "r3c1": 0.0,
    "r3c2": 0.06255830191,
    "r3c3": 0.9053781513,
    "Years": 15,
    "Initial Asst": 12,
    "Initial Assoc": 35,
    "Initial Full": 14
}